1295644,beiliya,3
1295644,samsa,3
1295644,rebekah,3
1295644,piggytea,3
1295644,lisaLeung,3
1295644,bighead,3
1295644,zephyrance,3
1295644,shinewewe,3
1295644,airtony,3
1295644,hjaoxjl,3
1295644,onshuway,3
1295644,Cherry,3
1295644,MancunianJor,3
1295644,annhsu,3
1295644,Hamlet-Luang,3
1295644,Leeonjel,3
1295644,Nalakuvara...,3
1295644,cuican,3
1295644,MissSunflower,3
1295644,44653541,3
1295644,wangmei,3
1295644,airan712,3
1295644,hideinthecrowd,3
1295644,hehudie13,3
1295644,aixiaoke,3
1295644,yidoudou,3
1295644,felicitywyy,3
1295644,liangdu,3
1295644,pandacry,3
1295644,melonsa,3
1295644,luzhiyu,3
1295644,ranwei,3
1295644,yijia47,3
1295644,60791884,3
1295644,26288168,3
1295644,52188590,3
1295644,64169139,3
1295644,64422636,3
1295644,45531734,3
1295644,53601592,3
1295644,dolccceafan,3
1295644,3768589,3
1295644,61338422,3
1295644,darkSoldier,3
1295644,demoniac,3
1295644,kylinacy,3
1295644,4415746,3
1295644,45035069,3
1295644,60110752,3
1295644,55482006,3
1295644,61541880,3
1295644,cestlavie001,3
1295644,60659321,3
1295644,2674516,3
1295644,53269891,3
1295644,alexpolk,3
1295644,jackslsmm,3
1295644,HASMAN,3
1295644,caiduan,3
1295644,alexpolk,3
1295644,jackslsmm,3
1295644,HASMAN,3
1295644,caiduan,3
1295644,52160710,3
1295644,fuckeverything,3
1295644,sunapril,3
1295644,48664741,3
1295644,doob,3
1295644,liuzhizheng,3
1295644,xiaobaohys,3
1295644,qiqi227,3
1295644,4681924,3
1295644,54552956,3
1295644,52299909,3
1295644,bfu,3
1295644,53169965,3
1295644,46884718,3
1295644,61602806,3
1295644,56855426,3
1295644,4681924,3
1295644,54552956,3
1295644,52299909,3
1295644,bfu,3
1295644,53169965,3
1295644,46884718,3
1295644,61602806,3
1295644,56855426,3
1295644,61553941,3
1295644,61569298,3
1295644,61046215,3
1295644,3636246,3
1295644,61385949,3
1295644,61421582,3
1295644,ts1089,3
1295644,49522216,3
1295644,rosvita,3
1295644,41084789,3
1295644,gin1110,3
1295644,yanhuishijian,3
1295644,41084789,3
1295644,gin1110,3
1295644,yanhuishijian,3
1295644,Cheeryao,3
1295644,1458865,3
1295644,PinkS,3
1295644,pigbigleg,3
1295644,wangzhy,3
1295644,niguangfeng,3
1295644,29031312,3
1295644,catuncle1988,3
1295644,3864915,3
1295644,hiruma69,3
1295644,nayumii,3
1295644,sweetdreamy,3
1295644,jijitata,3
1295644,46996433,3
1295644,3929216,3
1295644,1321907,3
1295644,dafufu,3
1295644,29031312,3
1295644,catuncle1988,3
1295644,3864915,3
1295644,hiruma69,3
1295644,nayumii,3
1295644,sweetdreamy,3
1295644,jijitata,3
1295644,46996433,3
1295644,3929216,3
1295644,1321907,3
1295644,dafufu,3
1295644,channelallan,3
1295644,wenjingdelang,3
1295644,edugecko,3
1295644,emd12,3
1295644,love-n,3
1295644,laihahayixia,3
1295644,27675083,3
1295644,luguo90,3
1295644,Dr.Dra,3
1295644,love-n,3
1295644,laihahayixia,3
1295644,27675083,3
1295644,luguo90,3
1295644,Dr.Dra,3
1295644,bobing,3
1295644,yuxiaoyin,3
1295644,CurryOldman,3
1295644,logten,3
1295644,dorothyzhang,3
1295644,hniyxx,3
1295644,albertina,3
1295644,31878818,3
1295644,colayang,3
1295644,58762712,3
1295644,27846294,3
1295644,beria,3
1295644,superneo,3
1295644,4720825,3
1295644,ddKK,3
1295644,58762712,3
1295644,27846294,3
1295644,beria,3
1295644,superneo,3
1295644,4720825,3
1295644,ddKK,3
1295644,2079204,3
1295644,3678344,3
1295644,chuanye,3
1295644,Qling1982,3
1295644,fire_and_ocean,3
1295644,48095362,3
1295644,stanleylee,3
1295644,ZeitgeistAmour,3
1295644,annabel828,3
1295644,landelanle,3
1295644,carriefruit,3
1295644,yesiaidu,3
1295644,rita034,3
1295644,christywitch,3
1295644,48095362,3
1295644,stanleylee,3
1295644,ZeitgeistAmour,3
1295644,annabel828,3
1295644,landelanle,3
1295644,carriefruit,3
1295644,yesiaidu,3
1295644,rita034,3
1295644,christywitch,3
1295644,eithne,3
1295644,chocox,3
1295644,3522166,3
1295644,47602578,3
1295644,Death1nJuly,3
1295644,blueboy2212,3
1295644,evollozer,3
1295644,laneddy,3
1295644,48902650,3
1295644,betterthanrenee,3
1295644,yxaq,3
1292720,2018008,3
1292720,auntbear,3
1292720,katelan,3
1292720,magic828,3
1292720,tjz230,3
1292720,Daisy,3
1292720,CFJ,3
1292720,diudiu_0112,3
1292720,airtony,3
1292720,bighead,3
1292720,josie_zhou,3
1292720,1386174,3
1292720,rebekah,3
1292720,boliwawa,3
1292720,oceanheart,3
1292720,kirk1226,3
1292720,Zizou_Vam,3
1292720,zyl622,3
1292720,ridden,3
1292720,felicitywyy,3
1292720,miuccia,3
1292720,antony0411,3
1292720,naocanqiang,3
1292720,kylinacy,3
1292720,sirius1989,3
1292720,64426433,3
1292720,48091853,3
1292720,52188590,3
1292720,64422636,3
1292720,64402882,3
1292720,61565913,3
1292720,58564816,3
1292720,3144559,3
1292720,tz2036,3
1292720,xjxjxjxjxj,3
1292720,54793495,3
1292720,HASMAN,3
1292720,EG,3
1292720,sunapril,3
1292720,HASMAN,3
1292720,EG,3
1292720,sunapril,3
1292720,Over5,3
1292720,29289407,3
1292720,LesleyHwang,3
1292720,Aaroncae,3
1292720,iamseven,3
1292720,taitan,3
1292720,yanhuishijian,3
1292720,35790692,3
1292720,wangzhy,3
1292720,esotericmc,3
1292720,3864915,3
1292720,43997812,3
1292720,cocomars,3
1292720,alivenotdead,3
1292720,53058093,3
1292720,45244208,3
1292720,59902460,3
1292720,esotericmc,3
1292720,3864915,3
1292720,43997812,3
1292720,cocomars,3
1292720,alivenotdead,3
1292720,53058093,3
1292720,45244208,3
1292720,59902460,3
1292720,60748577,3
1292720,xiong-littlebao,3
1292720,61594843,3
1292720,jayee_,3
1292720,45274666,3
1292720,acher58,3
1292720,smilelotus,3
1292720,dafufu,3
1292720,3832267,3
1292720,channelallan,3
1292720,56312110,3
1292720,wenjingdelang,3
1292720,wenjingdelang,3
1292720,emd12,3
1292720,millerwong,3
1292720,Ace_mvp,3
1292720,Shawnkwan,3
1292720,oldxu,3
1292720,27675083,3
1292720,sunfloweroom,3
1292720,wangmei,3
1292720,luguo90,3
1292720,kejinlong,3
1292720,bobing,3
1292720,logten,3
1292720,48099521,3
1292720,10330568,3
1292720,albertina,3
1292720,31878818,3
1292720,hailanxinlan,3
1292720,wtt0553,3
1292720,colayang,3
1292720,albertina,3
1292720,31878818,3
1292720,hailanxinlan,3
1292720,wtt0553,3
1292720,colayang,3
1292720,heshengsheng,3
1292720,3966717,3
1292720,58762712,3
1292720,mr.slow,3
1292720,xiaowangba,3
1292720,zhaopeng007,3
1292720,zhuerduohezhuto,3
1292720,suki_1001,3
1292720,49046590,3
1292720,onlyburger,3
1292720,beria,3
1292720,apate,3
1292720,mai_00,3
1292720,coldcall,3
1292720,52776104,3
1292720,apate,3
1292720,mai_00,3
1292720,coldcall,3
1292720,52776104,3
1292720,yegle,3
1292720,stanleylee,3
1292720,2340389,3
1292720,chouyao,3
1292720,eithne,3
1292720,lijingxuan.love,3
1292720,55312616,3
1292720,blueboy2212,3
1292720,evollozer,3
1292720,laneddy,3
1292720,betterthanrenee,3
1292720,49401037,3
1292720,yewancheng,3
1292720,fengruomu,3
1292720,project309,3
1292720,3608042,3
1292720,49401037,3
1292720,yewancheng,3
1292720,fengruomu,3
1292720,project309,3
1292720,3608042,3
1292720,Killo,3
1292720,42849993,3
1292720,rickenbacker,3
1292720,huapiqiu,3
1292720,swallowbluebell,3
1292720,RingS915,3
1292720,blunting,3
1292720,prost,3
1292720,53974625,3
1292720,Dev1antKoMi,3
1292720,windrainride,3
1292720,misan617,3
1292720,47224854,3
1292720,LightningFlash,3
1292720,49528832,3
1292720,Dev1antKoMi,3
1292720,windrainride,3
1292720,misan617,3
1292720,47224854,3
1292720,LightningFlash,3
1292720,49528832,3
1292720,shine905,3
1292720,seanhay,3
1292720,qsb1985,3
1292720,snowman1209,3
1292720,rekky,3
1292720,JoyYoung,3
1292720,2070699,3
1292720,jiao2er,3
1292720,1048649,3
1292720,37220333,3
1292720,yeesiuCheung,3
1292720,kevinfilm,3
1292720,1709482,3
1292720,MirrorTarkovsky,3
1292720,1709482,3
1292720,MirrorTarkovsky,3
1292720,12678743,3
1292720,donchen,3
1292720,liumanglai,3
1292720,misskatrina,3
1292720,finalx,3
1292720,tianchuan,3
1292720,Kevin3,3
1292720,filmcan,3
1292720,liwenlong,3
1292720,1505229,3
1292720,3945523,3
1292720,1181245,3
1292720,astigmatism,3
1292720,jackieyer,3
1292720,34105975,3
1292720,agzhuzhu,3
1292720,LuciferMustDie,3
1292720,parala,3
1291546,B612minmin,3
1291546,qfy,3
1291546,wusheng,3
1291546,jimo,3
1291546,beiliya,3
1291546,aixiaoke,3
1291546,toonan,3
1291546,kingfish,3
1291546,rachel-rachel,3
1291546,Jane_1-29,3
1291546,tjz230,3
1291546,GariberZyo,3
1291546,fish_zhao,3
1291546,xiaoqinssky,3
1291546,JulyChan,3
1291546,wenzel,3
1291546,fengxueting,3
1291546,ballteda,3
1291546,allanzhulei,3
1291546,bighead,3
1291546,xiaopunk,3
1291546,smily0119,3
1291546,icancu,3
1291546,bearish,3
1291546,1723626,3
1291546,HiddenParadise,3
1291546,othellawoo,3
1291546,Ink_Regina,3
1291546,aleckplayer,3
1291546,coffeejikou,3
1291546,3540441,3
1291546,2682599,3
1291546,vivipico,3
1291546,hexiaoling,3
1291546,body_electric,3
1291546,benjamin-linus,3
1291546,babyblue,3
1291546,maggieseye,3
1291546,zyl622,3
1291546,maggieseye,3
1291546,zyl622,3
1291546,connie_326,3
1291546,ryyy,3
1291546,LadyInSatin,3
1291546,Uvo,3
1291546,Dowe,3
1291546,rebekah,3
1291546,1474975,3
1291546,fugen,3
1291546,freak_ivory,3
1291546,velvetmomoko,3
1291546,16528916,3
1291546,44001567,3
1291546,62285373,3
1291546,64169139,3
1291546,45531734,3
1291546,wangxiangyu,3
1291546,61543342,3
1291546,61619634,3
1291546,61543342,3
1291546,61619634,3
1291546,heelin,3
1291546,yanyan0613,3
1291546,orlandoding,3
1291546,meonke,3
1291546,jolly0802,3
1291546,kylinacy,3
1291546,3839546,3
1291546,jackslsmm,3
1291546,4919929,3
1291546,1503549,3
1291546,HASMAN,3
1291546,54552956,3
1291546,50752043,3
1291546,61419359,3
1291546,heartbrokenpaul,3
1291546,lordannie,3
1291546,61421582,3
1291546,28730674,3
1291546,heartbrokenpaul,3
1291546,lordannie,3
1291546,61421582,3
1291546,28730674,3
1291546,33733439,3
1291546,37581969,3
1291546,kindsos,3
1291546,poppyyouth,3
1291546,taitan,3
1291546,41443014,3
1291546,tony9z,3
1291546,syluo,3
1291546,pigbigleg,3
1291546,35790692,3
1291546,Blackcatz,3
1291546,38604413,3
1291546,luenni,3
1291546,dafufu,3
1291546,wenjingdelang,3
1291546,55486256,3
1291546,38604413,3
1291546,luenni,3
1291546,dafufu,3
1291546,wenjingdelang,3
1291546,55486256,3
1291546,2489620,3
1291546,2169088,3
1291546,logten,3
1291546,58762712,3
1291546,suki_1001,3
1291546,xingyier,3
1291546,36942539,3
1291546,43260587,3
1291546,49471801,3
1291546,taralz0527,3
1291546,55312616,3
1291546,fengruomu,3
1291546,mifengyemang,3
1291546,3487720,3
1291546,seanhay,3
1291546,49471801,3
1291546,taralz0527,3
1291546,55312616,3
1291546,fengruomu,3
1291546,mifengyemang,3
1291546,3487720,3
1291546,seanhay,3
1291546,56312110,3
1291546,1048649,3
1291546,cherryjoanna,3
1291546,nirvanasky,3
1291546,nicate,3
1291546,56823104,3
1291546,ilovemp3,3
1291546,carolbne,3
1291546,Butlerliu,3
1291546,62394708,3
1291546,2446789,3
1291546,41853036,3
1291546,misskatrina,3
1291546,56823104,3
1291546,ilovemp3,3
1291546,carolbne,3
1291546,Butlerliu,3
1291546,62394708,3
1291546,2446789,3
1291546,41853036,3
1291546,misskatrina,3
1291546,xiulan,3
1291546,mtz,3
1291546,alienore,3
1291546,listenmumu,3
1291546,laomao,3
1291546,kasaier,3
1291546,5605006,3
1291546,4568185,3
1291546,JiiJ,3
1291546,1428232,3
1291546,ricsung,3
1291546,miaomiao1025,3
1291546,listenmumu,3
1291546,laomao,3
1291546,kasaier,3
1291546,5605006,3
1291546,4568185,3
1291546,JiiJ,3
1291546,1428232,3
1291546,ricsung,3
1291546,miaomiao1025,3
1291546,neptunesheep,3
1291546,1567067,3
1291546,shiori,3
1291546,sunfloweroom,3
1291546,41086330,3
1291546,turandot0815,3
1291546,4127282,3
1291546,loser116,3
1291546,marjorie.shi,3
1291546,tiantianshouhuo,3
1291546,chrisdoga,3
1291546,4568185,3
1291546,JiiJ,3
1291546,1428232,3
1291546,ricsung,3
1291546,miaomiao1025,3
1291546,neptunesheep,3
1291546,1567067,3
1291546,shiori,3
1291546,sunfloweroom,3
1291546,41086330,3
1291546,turandot0815,3
1291546,4127282,3
1291546,loser116,3
1291546,marjorie.shi,3
1291546,tiantianshouhuo,3
1291546,chrisdoga,3
1291546,xisahala,3
1291546,godblesswho,3
1291546,3288308,3
1291546,45282802,3
1292063,jiyihanxing,3
1292063,jimo,3
1292063,HiddenParadise,3
1292063,Ms.unknown,3
1292063,magic828,3
1292063,Over5,3
1292063,guoyilang,3
1292063,zyl622,3
1292063,airan712,3
1292063,freshyyblue,3
1292063,wenzel,3
1292063,monotonousftw,3
1292063,allancywang,3
1292063,MMT,3
1292063,ocean_kwai,3
1292063,bighead,3
1292063,chenshiniao,3
1292063,littletwo,3
1292063,shinewewe,3
1292063,Cherry,3
1292063,flaneur,3
1292063,diorluka,3
1292063,dksnow2002,3
1292063,1001960,3
1292063,mydear1011,3
1292063,Lan.die,3
1292063,louis-cuhk,3
1292063,tjz230,3
1292063,tideland69,3
1292063,flxjp,3
1292063,tattoo9-13,3
1292063,1992293,3
1292063,jiajiaaixuexi,3
1292063,aileen120,3
1292063,1027677,3
1292063,64384105,3
1292063,64424872,3
1292063,64422636,3
1292063,56313862,3
1292063,52913896,3
1292063,64422636,3
1292063,56313862,3
1292063,52913896,3
1292063,64410673,3
1292063,56740341,3
1292063,60457613,3
1292063,61632025,3
1292063,53269891,3
1292063,48203831,3
1292063,andrpirl,3
1292063,33733439,3
1292063,29289407,3
1292063,55861805,3
1292063,miki_king,3
1292063,LadyInSatin,3
1292063,42643432,3
1292063,yanhuishijian,3
1292063,35790692,3
1292063,soucy,3
1292063,HBD,3
1292063,LadyInSatin,3
1292063,42643432,3
1292063,yanhuishijian,3
1292063,35790692,3
1292063,soucy,3
1292063,HBD,3
1292063,transporter,3
1292063,shyloh,3
1292063,froggrandpa,3
1292063,dafufu,3
1292063,3832267,3
1292063,wenjingdelang,3
1292063,millerwong,3
1292063,fish_0507,3
1292063,wangmei,3
1292063,ldcr99,3
1292063,jinzim,3
1292063,54552956,3
1292063,hanhou,3
1292063,61602806,3
1292063,dafufu,3
1292063,3832267,3
1292063,wenjingdelang,3
1292063,millerwong,3
1292063,fish_0507,3
1292063,wangmei,3
1292063,ldcr99,3
1292063,jinzim,3
1292063,54552956,3
1292063,hanhou,3
1292063,61602806,3
1292063,57538461,3
1292063,JorLao,3
1292063,55736985,3
1292063,gainboy,3
1292063,logten,3
1292063,mushroom999,3
1292063,vivianshuo,3
1292063,AE86,3
1292063,kfcmoon,3
1292063,vivianshuo,3
1292063,AE86,3
1292063,kfcmoon,3
1292063,miss.dao,3
1292063,4378595,3
1292063,mmmmaxine,3
1292063,58762712,3
1292063,yrh,3
1292063,4257314,3
1292063,3477710,3
1292063,xingyier,3
1292063,babeN,3
1292063,apate,3
1292063,coldcall,3
1292063,Qling1982,3
1292063,myweekend,3
1292063,42276386,3
1292063,livncharles,3
1292063,1846457,3
1292063,tuxuan,3
1292063,babeN,3
1292063,apate,3
1292063,coldcall,3
1292063,Qling1982,3
1292063,myweekend,3
1292063,42276386,3
1292063,livncharles,3
1292063,1846457,3
1292063,tuxuan,3
1292063,winnieee,3
1292063,50104726,3
1292063,3522166,3
1292063,blueboy2212,3
1292063,evollozer,3
1292063,ruocun123,3
1292063,35417699,3
1292063,3403686,3
1292063,houxiaoshi,3
1292063,Fantasy1943,3
1292063,fengruomu,3
1292063,3403686,3
1292063,houxiaoshi,3
1292063,Fantasy1943,3
1292063,fengruomu,3
1292063,mitsui39316,3
1292063,nianimamabie,3
1292063,once.,3
1292063,42849993,3
1292063,rickenbacker,3
1292063,8711485,3
1292063,wlx1993,3
1292063,46960084,3
1292063,liangning,3
1292063,xingzhe99,3
1292063,1215748,3
1292063,windrainride,3
1292063,47224854,3
1292063,cloudwwb,3
1292063,49528832,3
1292063,1532377,3
1292063,windrainride,3
1292063,47224854,3
1292063,cloudwwb,3
1292063,49528832,3
1292063,1532377,3
1292063,shine905,3
1292063,2108133,3
1292063,sjzqzkn,3
1292063,2076427,3
1292063,kidtcwx,3
1292063,3982196,3
1292063,sunsuno,3
1292063,novich,3
1292063,2656189,3
1292063,nirvanasky,3
1292063,2349677,3
1292063,yomi_wu,3
1292063,bianhaosheng,3
1292063,donchen,3
1292063,liumanglai,3
1292063,donchen,3
1292063,liumanglai,3
1292063,pigeye,3
1292063,55282489,3
1292063,Orange_Rene,3
1292063,xiulan,3
1292063,tianchuan,3
1292063,13293190,3
1292063,ice-wolfghost,3
1292063,qingmao1226,3
1292063,nemooO,3
1292063,1181245,3
1292063,tracycw618,3
1292063,1274922,3
1292063,4242799,3
1292063,xiaonanhappy,3
1292063,dianye,3
1292063,kai_vip,3
1292063,blackhumour,3
1292063,zuike,3
1291561,lindiandian,3
1291561,ga0yang,3
1291561,zishuiyilan,3
1291561,mr.slow,3
1291561,zingyu,3
1291561,sara127266,3
1291561,jimo,3
1291561,garfieldcr,3
1291561,tjz230,3
1291561,duanmuyi,3
1291561,oceanheart,3
1291561,naocanqiang,3
1291561,xmsgjqr,3
1291561,takizhang,3
1291561,luanluanyu,3
1291561,grass17,3
1291561,gucci122,3
1291561,darlingtudai,3
1291561,aixiaoke,3
1291561,lareinaqueen,3
1291561,magic828,3
1291561,Leeonjel,3
1291561,darkiddy,3
1291561,znrb,3
1291561,2618830,3
1291561,iceking,3
1291561,h2x,3
1291561,jimmi-wong,3
1291561,49198994,3
1291561,57520022,3
1291561,64422636,3
1291561,45531734,3
1291561,sanslachance,3
1291561,kylinacy,3
1291561,liumz0823,3
1291561,4415746,3
1291561,45538615,3
1291561,heelin,3
1291561,3144559,3
1291561,siunic,3
1291561,liumz0823,3
1291561,4415746,3
1291561,45538615,3
1291561,heelin,3
1291561,3144559,3
1291561,siunic,3
1291561,61616621,3
1291561,61619843,3
1291561,HASMAN,3
1291561,suki0516,3
1291561,48664741,3
1291561,shixideshechi,3
1291561,1458865,3
1291561,35790692,3
1291561,3387450,3
1291561,29031312,3
1291561,54552956,3
1291561,46164494,3
1291561,61109807,3
1291561,leemu,3
1291561,29031312,3
1291561,54552956,3
1291561,46164494,3
1291561,61109807,3
1291561,leemu,3
1291561,59569203,3
1291561,smilelotus,3
1291561,flamingom,3
1291561,yuqi5340,3
1291561,Mrs.cherry,3
1291561,luguo90,3
1291561,1952390,3
1291561,kfcmoon,3
1291561,31878818,3
1291561,colayang,3
1291561,4378595,3
1291561,suki_1001,3
1291561,xingyier,3
1291561,feel_sorrow,3
1291561,apate,3
1291561,4378595,3
1291561,suki_1001,3
1291561,xingyier,3
1291561,feel_sorrow,3
1291561,apate,3
1291561,chuanye,3
1291561,36539878,3
1291561,rita034,3
1291561,betterthanrenee,3
1291561,2748243,3
1291561,4274916,3
1291561,yzakkk,3
1291561,Killo,3
1291561,mifengyemang,3
1291561,cloudwwb,3
1291561,seanhay,3
1291561,JoyYoung,3
1291561,jiao2er,3
1291561,1709482,3
1291561,2453656,3
1291561,4274916,3
1291561,yzakkk,3
1291561,Killo,3
1291561,mifengyemang,3
1291561,cloudwwb,3
1291561,seanhay,3
1291561,JoyYoung,3
1291561,jiao2er,3
1291561,1709482,3
1291561,2453656,3
1291561,MirrorTarkovsky,3
1291561,blickenj,3
1291561,yomi_wu,3
1291561,liuliuwan,3
1291561,finalx,3
1291561,xiulan,3
1291561,mtz,3
1291561,shoegazerbaby,3
1291561,point1to1,3
1291561,31207408,3
1291561,MirrorTarkovsky,3
1291561,blickenj,3
1291561,yomi_wu,3
1291561,liuliuwan,3
1291561,finalx,3
1291561,xiulan,3
1291561,mtz,3
1291561,shoegazerbaby,3
1291561,point1to1,3
1291561,31207408,3
1291561,goldxfx,3
1291561,jackieyer,3
1291561,sniperchris,3
1291561,ximeir,3
1291561,juzizhulin,3
1291561,curiosity9,3
1291561,agao137,3
1291561,zuike,3
1291561,kasaier,3
1291561,4568185,3
1291561,ximeir,3
1291561,juzizhulin,3
1291561,curiosity9,3
1291561,agao137,3
1291561,zuike,3
1291561,kasaier,3
1291561,4568185,3
1291561,JASO4N,3
1291561,1851308,3
1291561,62381387,3
1291561,wangdong1120,3
1291561,1428232,3
1291561,Sanjitiao,3
1291561,miaomiao1025,3
1291561,43917270,3
1291561,3945523,3
1291561,1532705,3
1291561,wilson59,3
1291561,turandot0815,3
1291561,ophelia99,3
1291561,Sanjitiao,3
1291561,miaomiao1025,3
1291561,43917270,3
1291561,3945523,3
1291561,1532705,3
1291561,wilson59,3
1291561,turandot0815,3
1291561,ophelia99,3
1291561,huasuoepc,3
1291561,tuosai,3
1291561,terababy,3
1291561,cherbing,3
1291561,lilylillylillie,3
1291561,asdoherty,3
1291561,katelan,3
1291561,flytoinfinity,3
1291561,4136526,3
1291561,beijingdouban,3
1291561,4525639,3
1291561,lltflyx,3
1291561,katelan,3
1291561,flytoinfinity,3
1291561,4136526,3
1291561,beijingdouban,3
1291561,4525639,3
1291561,lltflyx,3
1291561,CarolineZhang,3
1291561,zyh860206,3
1291561,1860311,3
1291561,rollin,3
1291561,chimi,3
1291561,jerkoff,3
1291561,frankel,3
1291561,4528157,3
1291561,3589989,3
1291561,xcf1994,3
1291561,75346809,3
1291561,ciaobella,3
1291561,MagicK,3
1291561,yumuya,3
1295124,jimo,3
1295124,Tanoshiyi,3
1295124,a_faker,3
1295124,XI_LI,3
1295124,hideinthecrowd,3
1295124,wenzel,3
1295124,xiaoxiaohong,3
1295124,w85824,3
1295124,jennyqueen,3
1295124,bighead,3
1295124,airan712,3
1295124,zishuiyilan,3
1295124,jean,3
1295124,backdrifts,3
1295124,piggytea,3
1295124,darlingtudai,3
1295124,rebekah,3
1295124,tjz230,3
1295124,watermelon,3
1295124,sunnieorz,3
1295124,lisaLeung,3
1295124,kingfish,3
1295124,littlevanities,3
1295124,33733439,3
1295124,kindsos,3
1295124,29289407,3
1295124,2420267,3
1295124,fashion.y,3
1295124,26288168,3
1295124,36065559,3
1295124,yanhuishijian,3
1295124,pigbigleg,3
1295124,serenitynever,3
1295124,mayflys,3
1295124,Mrs.cherry,3
1295124,dorothyzhang,3
1295124,10330568,3
1295124,58762712,3
1295124,36782354,3
1295124,61597113,3
1295124,dorothyzhang,3
1295124,10330568,3
1295124,58762712,3
1295124,36782354,3
1295124,61597113,3
1295124,fengruomu,3
1295124,danielBarkely,3
1295124,4617033,3
1295124,1215748,3
1295124,windrainride,3
1295124,snowman1209,3
1295124,1709482,3
1295124,2656189,3
1295124,liuliuwan,3
1295124,Butlerliu,3
1295124,xiulan,3
1295124,tianchuan,3
1295124,Kevin3,3
1295124,liwenlong,3
1295124,silence1987,3
1295124,4617033,3
1295124,1215748,3
1295124,windrainride,3
1295124,snowman1209,3
1295124,1709482,3
1295124,2656189,3
1295124,liuliuwan,3
1295124,Butlerliu,3
1295124,xiulan,3
1295124,tianchuan,3
1295124,Kevin3,3
1295124,liwenlong,3
1295124,silence1987,3
1295124,bnueppmsl,3
1295124,1181245,3
1295124,4242799,3
1295124,1851308,3
1295124,1428232,3
1295124,luozhelin,3
1295124,Sanjitiao,3
1295124,silence1987,3
1295124,bnueppmsl,3
1295124,1181245,3
1295124,4242799,3
1295124,1851308,3
1295124,1428232,3
1295124,luozhelin,3
1295124,Sanjitiao,3
1295124,yangxuefei,3
1295124,miaomiao1025,3
1295124,ourorz,3
1295124,1532705,3
1295124,syq503,3
1295124,ophelia99,3
1295124,jackyjackyjacky,3
1295124,huasuoepc,3
1295124,17651949,3
1295124,elingwu,3
1295124,anchoretic,3
1295124,chrisdoga,3
1295124,huasuoepc,3
1295124,17651949,3
1295124,elingwu,3
1295124,anchoretic,3
1295124,chrisdoga,3
1295124,wangzhiyan1987,3
1295124,jerkoff,3
1295124,ladymuse,3
1295124,33505904,3
1295124,4528157,3
1295124,2198673,3
1295124,3589989,3
1295124,qiuyuexiaojie,3
1295124,75346809,3
1295124,53237984,3
1295124,yumuya,3
1295124,31316178,3
1295124,rajpenn,3
1295124,senz,3
1295124,42030428,3
1295124,31316178,3
1295124,rajpenn,3
1295124,senz,3
1295124,42030428,3
1295124,ttd,3
1295124,NG,3
1295124,2946082,3
1295124,bobozang,3
1295124,justforeddy,3
1295124,leeyone,3
1295124,littletwo,3
1295124,54721365,3
1295124,40120232,3
1295124,youarewelcome,3
1295124,masaikejun,3
1295124,ricchhard,3
1295124,44021817,3
1295124,ilovehongkou,3
1295124,roaming,3
1295124,tangacheng,3
1295124,44021817,3
1295124,ilovehongkou,3
1295124,roaming,3
1295124,tangacheng,3
1295124,54806925,3
1295124,feandy,3
1295124,4585023,3
1295124,sunflower1988,3
1295124,jshippo,3
1295124,imoviekobe,3
1295124,xuxy,3
1295124,41727557,3
1295124,tomato88,3
1295124,yuanlaishiximen,3
1295124,melodygxl,3
1295124,2548986,3
1295124,liebsteprettywa,3
1295124,zl0072004,3
1295124,1954691,3
1295124,mgbs,3
1295124,2548986,3
1295124,liebsteprettywa,3
1295124,zl0072004,3
1295124,1954691,3
1295124,mgbs,3
1295124,4592023,3
1295124,yeshunjia,3
1295124,galina,3
1295124,3530238,3
1295124,cowsumy,3
1295124,tonysmart,3
1295124,1461611,3
1295124,qpCYU,3
1295124,no350028,3
1295124,littlecin,3
1295124,Tokay,3
1295124,yyangquan,3
1295124,elwing,3
1295124,auxau,3
1295124,47209214,3
1295124,Tokay,3
1295124,yyangquan,3
1295124,elwing,3
1295124,auxau,3
1295124,47209214,3
1295124,fengyue4,3
1295124,y328675858,3
1295124,kd19880915,3
1295124,15366826,3
1295124,root,3
1295124,wzptoby,3
1295124,fish6058,3
1295124,2218883,3
1295124,gfgf2046,3
1295124,cancerorange,3
1295124,MoM...,3
1295124,wakaka1986,3
1295124,ragtag,3
1295124,51480486,3
1295124,kaqiman,3
1292001,richer725,3
1292001,luka90123,3
1292001,darkiddy,3
1292001,naocanqiang,3
1292001,piggytea,3
1292001,soblue.solo,3
1292001,LadyInSatin,3
1292001,boliang,3
1292001,new4new4,3
1292001,bladerunner2,3
1292001,yaya,3
1292001,zyl622,3
1292001,guoyilang,3
1292001,lyiming2,3
1292001,61212078,3
1292001,duanmuyi,3
1292001,xiaoaiposui,3
1292001,onshuway,3
1292001,lankaiyin,3
1292001,kick-my-ass,3
1292001,1542400,3
1292001,jolly0802,3
1292001,sayeh,3
1292001,ridden,3
1292001,beard,3
1292001,Hamlet-Luang,3
1292001,danielzdwu,3
1292001,2381320,3
1292001,flishcat,3
1292001,MpokoraCyrus,3
1292001,kylinacy,3
1292001,zhulinfan,3
1292001,60024305,3
1292001,64307681,3
1292001,26288168,3
1292001,64422636,3
1292001,64169139,3
1292001,64273136,3
1292001,64422636,3
1292001,64169139,3
1292001,64273136,3
1292001,woaipts,3
1292001,45531734,3
1292001,59637880,3
1292001,3084760,3
1292001,64394826,3
1292001,64315574,3
1292001,54032152,3
1292001,52383373,3
1292001,zoupiaomeng,3
1292001,HASMAN,3
1292001,55964317,3
1292001,48664741,3
1292001,kindsos,3
1292001,queenca,3
1292001,29289407,3
1292001,Aaroncae,3
1292001,taitan,3
1292001,48664741,3
1292001,kindsos,3
1292001,queenca,3
1292001,29289407,3
1292001,Aaroncae,3
1292001,taitan,3
1292001,tony9z,3
1292001,yimihai,3
1292001,54552956,3
1292001,yuchanlau,3
1292001,52299909,3
1292001,61602806,3
1292001,60173677,3
1292001,miga1119,3
1292001,54228467,3
1292001,1458865,3
1292001,pigbigleg,3
1292001,wenjingdelang,3
1292001,oldxu,3
1292001,gouwang,3
1292001,54228467,3
1292001,1458865,3
1292001,pigbigleg,3
1292001,wenjingdelang,3
1292001,oldxu,3
1292001,gouwang,3
1292001,2169088,3
1292001,yuxiaoyin,3
1292001,robinlin,3
1292001,58762712,3
1292001,suki_1001,3
1292001,xingyier,3
1292001,apate,3
1292001,43260587,3
1292001,maybeland,3
1292001,yzakkk,3
1292001,mitsui39316,3
1292001,once.,3
1292001,2284217,3
1292001,seanhay,3
1292001,yuxiaoyin,3
1292001,robinlin,3
1292001,58762712,3
1292001,suki_1001,3
1292001,xingyier,3
1292001,apate,3
1292001,43260587,3
1292001,maybeland,3
1292001,yzakkk,3
1292001,mitsui39316,3
1292001,once.,3
1292001,2284217,3
1292001,seanhay,3
1292001,qsb1985,3
1292001,liangjiji,3
1292001,62388259,3
1292001,62386567,3
1292001,60266252,3
1292001,peaceful1227,3
1292001,42612031,3
1292001,yzakkk,3
1292001,mitsui39316,3
1292001,once.,3
1292001,2284217,3
1292001,seanhay,3
1292001,qsb1985,3
1292001,liangjiji,3
1292001,62388259,3
1292001,62386567,3
1292001,60266252,3
1292001,peaceful1227,3
1292001,42612031,3
1292001,30572213,3
1292001,donchen,3
1292001,zOedOng,3
1292001,finalx,3
1292001,tianchuan,3
1292001,13293190,3
1292001,jackieyer,3
1292001,4242799,3
1292001,donchen,3
1292001,zOedOng,3
1292001,finalx,3
1292001,tianchuan,3
1292001,13293190,3
1292001,jackieyer,3
1292001,4242799,3
1292001,mihalin,3
1292001,jintle,3
1292001,1851308,3
1292001,1484326,3
1292001,1428232,3
1292001,luozhelin,3
1292001,miaomiao1025,3
1292001,butterking,3
1292001,ocean_kwai,3
1292001,lfly,3
1292001,xiaodiutan,3
1292001,xygoing,3
1292001,jinyuanhan,3
1292001,luozhelin,3
1292001,miaomiao1025,3
1292001,butterking,3
1292001,ocean_kwai,3
1292001,lfly,3
1292001,xiaodiutan,3
1292001,xygoing,3
1292001,jinyuanhan,3
1292001,44078114,3
1292001,foggy0768,3
1292001,wilson59,3
1292001,huasuoepc,3
1292001,28584270,3
1292001,fish_zhao,3
1292001,terababy,3
1292001,53485894,3
1292001,2072165,3
1292001,xisahala,3
1292001,3288308,3
1292001,rollin,3
1292001,fish_zhao,3
1292001,terababy,3
1292001,53485894,3
1292001,2072165,3
1292001,xisahala,3
1292001,3288308,3
1292001,rollin,3
1292001,jerkoff,3
1292001,2859691,3
1292001,2198673,3
1292001,3589989,3
1292001,qiuyuexiaojie,3
1292001,53237984,3
1292001,MagicK,3
1292001,yumuya,3
1292001,31316178,3
1292001,senz,3
1292001,memoryofsummer,3
1292001,42030428,3
1292001,ttd,3
2131459,fortblk,3
2131459,Ragdoll,3
2131459,vivipico,3
2131459,SWX,3
2131459,malance1019,3
2131459,oceanheart,3
2131459,rebekah,3
2131459,tjz230,3
2131459,bellefille,3
2131459,new4new4,3
2131459,ahbei,3
2131459,qdmimi19810920,3
2131459,aixiaoke,3
2131459,hideinthecrowd,3
2131459,connie_326,3
2131459,chongxiaochong,3
2131459,airtony,3
2131459,junepigpku,3
2131459,ashinstancy,3
2131459,luanluanyu,3
2131459,Uvo,3
2131459,nvbiantai,3
2131459,wolfling_ss,3
2131459,danielzdwu,3
2131459,2021828,3
2131459,47741613,3
2131459,lukerew,3
2131459,26288168,3
2131459,54698080,3
2131459,39360745,3
2131459,blueser,3
2131459,55553572,3
2131459,44324235,3
2131459,47806413,3
2131459,40348303,3
2131459,4435480,3
2131459,1609997,3
2131459,48885291,3
2131459,taitan,3
2131459,55553572,3
2131459,44324235,3
2131459,47806413,3
2131459,40348303,3
2131459,4435480,3
2131459,1609997,3
2131459,48885291,3
2131459,taitan,3
2131459,HASMAN,3
2131459,Anastasiacat,3
2131459,53426516,3
2131459,3827786,3
2131459,wenzel,3
2131459,hr6r,3
2131459,33733439,3
2131459,48664741,3
2131459,sisisisi,3
2131459,28102466,3
2131459,echo77,3
2131459,J7N,3
2131459,3827786,3
2131459,wenzel,3
2131459,hr6r,3
2131459,33733439,3
2131459,48664741,3
2131459,sisisisi,3
2131459,28102466,3
2131459,echo77,3
2131459,J7N,3
2131459,Aaroncae,3
2131459,x.xiong,3
2131459,beiliya,3
2131459,54552956,3
2131459,61617007,3
2131459,watergrace,3
2131459,egoism21,3
2131459,bfu,3
2131459,53058093,3
2131459,kylinacy,3
2131459,61553941,3
2131459,x.xiong,3
2131459,beiliya,3
2131459,54552956,3
2131459,61617007,3
2131459,watergrace,3
2131459,egoism21,3
2131459,bfu,3
2131459,53058093,3
2131459,kylinacy,3
2131459,61553941,3
2131459,53742812,3
2131459,61237044,3
2131459,61598416,3
2131459,61589875,3
2131459,antiyeti,3
2131459,60748577,3
2131459,bayer04040404,3
2131459,StillAliveLoL,3
2131459,30290719,3
2131459,movieview,3
2131459,StillAliveLoL,3
2131459,30290719,3
2131459,movieview,3
2131459,zhuiyii,3
2131459,yellow1984,3
2131459,hahahaha38,3
2131459,Cheeryao,3
2131459,fuhaochen,3
2131459,pigbigleg,3
2131459,GZ,3
2131459,31736711,3
2131459,vvvvv,3
2131459,shoushouan,3
2131459,3387450,3
2131459,49825242,3
2131459,3220420,3
2131459,nanaseventh,3
2131459,lengyueeros,3
2131459,29031312,3
2131459,soildsnake,3
2131459,49825242,3
2131459,3220420,3
2131459,nanaseventh,3
2131459,lengyueeros,3
2131459,29031312,3
2131459,soildsnake,3
2131459,HBD,3
2131459,transporter,3
2131459,hiruma69,3
2131459,xukunbing,3
2131459,foofights,3
2131459,yanyanzhou110,3
2131459,4617033,3
2131459,qiaotaizi,3
2131459,jijitata,3
2131459,jayee_,3
2131459,ghostmelody,3
2131459,mtcook,3
2131459,3212593,3
2131459,gatsby,3
2131459,ghostmelody,3
2131459,mtcook,3
2131459,3212593,3
2131459,gatsby,3
2131459,emd12,3
2131459,whyzhenzhen-yo,3
2131459,cherryo,3
2131459,4466312,3
2131459,flamingom,3
2131459,kusodying,3
2131459,shushu,3
2131459,njkino,3
2131459,3581007,3
2131459,44989936,3
2131459,yuqi5340,3
2131459,wlx1993,3
2131459,newyo,3
2131459,Mrs.cherry,3
2131459,DemiDeng,3
2131459,luguo90,3
2131459,yuqi5340,3
2131459,wlx1993,3
2131459,newyo,3
2131459,Mrs.cherry,3
2131459,DemiDeng,3
2131459,luguo90,3
2131459,Dr.Dra,3
2131459,3575164,3
2131459,deadcolour,3
2131459,jinzim,3
2131459,yaogunxuanzang,3
2131459,damienfan,3
2131459,CaptainHe,3
2131459,hniyxx,3
2131459,48099521,3
2131459,31878818,3
2131459,kfcmoon,3
2131459,48078107,3
2131459,relaoded,3
2131459,Mydearamy,3
2131459,31878818,3
2131459,kfcmoon,3
2131459,48078107,3
2131459,relaoded,3
2131459,Mydearamy,3
2131459,whisper.xy,3
2131459,deedee_837,3
2131459,miss.dao,3
2131459,xdong,3
2131459,colayang,3
2131459,Obtson,3
2131459,58762712,3
2131459,stephanie225,3
2131459,word999,3
2131459,haidonsun,3
2131459,kulapika,3
2131459,4214124,3
2131459,alwaysbestrong,3
2131459,mike7882,3
2131459,xingyier,3
3541415,1524942,3
3541415,bladerunner2,3
3541415,qijiuzhiyue,3
3541415,hello.louis,3
3541415,autism,3
3541415,overhyde,3
3541415,seren,3
3541415,2630751,3
3541415,kingkongofkhan,3
3541415,TOROVANDARKO,3
3541415,copenlee,3
3541415,tjz230,3
3541415,fir_alps,3
3541415,ztiti,3
3541415,flowerowl,3
3541415,4073793,3
3541415,Dbxiong,3
3541415,aixiaoke,3
3541415,yangjiepd,3
3541415,luvis1499,3
3541415,ragingbull,3
3541415,promise921,3
3541415,cbw506021,3
3541415,Uvo,3
3541415,xzfd,3
3541415,memorylesscat,3
3541415,gorfee,3
3541415,milesi,3
3541415,myhyukie,3
3541415,2372239,3
3541415,laoyufei,3
3541415,parasite,3
3541415,canny-leon,3
3541415,1451050,3
3541415,dayday,3
3541415,Blingbling,3
3541415,sharplhl,3
3541415,morrison0908,3
3541415,yingliang,3
3541415,Blingbling,3
3541415,sharplhl,3
3541415,morrison0908,3
3541415,yingliang,3
3541415,50987129,3
3541415,miqingye,3
3541415,45531734,3
3541415,61682347,3
3541415,61793003,3
3541415,58034349,3
3541415,64246740,3
3541415,2093172,3
3541415,yingyan0324,3
3541415,liumz0823,3
3541415,4415746,3
3541415,45035069,3
3541415,eightteeth,3
3541415,53269891,3
3541415,32377925,3
3541415,lovelittle1989,3
3541415,eightteeth,3
3541415,53269891,3
3541415,32377925,3
3541415,lovelittle1989,3
3541415,richer725,3
3541415,huhu1999,3
3541415,morbidangel,3
3541415,zajm,3
3541415,55312468,3
3541415,59443402,3
3541415,zgyccc333,3
3541415,3383538,3
3541415,onetwo3,3
3541415,caotu,3
3541415,satanhp,3
3541415,61602806,3
3541415,sharonayang,3
3541415,55930026,3
3541415,60742620,3
3541415,zhuoyidan,3
3541415,satanhp,3
3541415,61602806,3
3541415,sharonayang,3
3541415,55930026,3
3541415,60742620,3
3541415,zhuoyidan,3
3541415,61532660,3
3541415,61168898,3
3541415,60577841,3
3541415,54862630,3
3541415,MonicaLi,3
3541415,PurpleJade,3
3541415,poo0ooq,3
3541415,imlqh,3
3541415,62386567,3
3541415,50648514,3
3541415,peaceful1227,3
3541415,Lilussionniste,3
3541415,48959311,3
3541415,60605518,3
3541415,peaceful1227,3
3541415,Lilussionniste,3
3541415,48959311,3
3541415,60605518,3
3541415,digglog,3
3541415,2258578,3
3541415,2654349,3
3541415,MartianFromMars,3
3541415,yumm0590,3
3541415,58110875,3
3541415,2446789,3
3541415,44330570,3
3541415,61616108,3
3541415,52466957,3
3541415,58433680,3
3541415,57779844,3
3541415,mathildaQ,3
3541415,2698209,3
3541415,46359852,3
3541415,theyear,3
3541415,theyear,3
3541415,29068222,3
3541415,61834617,3
3541415,62402037,3
3541415,48620009,3
3541415,46769494,3
3541415,icepig1990,3
3541415,1386174,3
3541415,60748577,3
3541415,2068046,3
3541415,hyuk35zm,3
3541415,61658781,3
3541415,61692216,3
3541415,60606087,3
3541415,59155102,3
3541415,61685943,3
3541415,61612467,3
3541415,notredame,3
3541415,3271944,3
3541415,wufengboston,3
3541415,60606087,3
3541415,59155102,3
3541415,61685943,3
3541415,61612467,3
3541415,notredame,3
3541415,3271944,3
3541415,wufengboston,3
3541415,fortblk,3
3541415,48625929,3
3541415,1828898,3
3541415,39778105,3
3541415,4327230,3
3541415,casdada,3
3541415,yoyoyoyoyoyoyo,3
3541415,boffin,3
3541415,darlingtudai,3
3541415,jimmy_8785,3
3541415,wangzhaojun,3
3541415,2580989,3
3541415,27886292,3
3541415,darlingtudai,3
3541415,jimmy_8785,3
3541415,wangzhaojun,3
3541415,2580989,3
3541415,27886292,3
3541415,thatiszhangyan,3
3541415,Mercury9999,3
3541415,45099103,3
3541415,Qldark,3
3541415,48774677,3
3541415,3200262,3
3541415,reave,3
3541415,liusuer,3
3541415,cherrycrab,3
3541415,Zizou_Vam,3
3541415,30163695,3
3541415,fantasychang,3
3541415,OpenSpaces,3
3541415,2671269,3
3541415,Aspirin129,3
3541415,liusuer,3
3541415,cherrycrab,3
3541415,Zizou_Vam,3
3541415,30163695,3
3541415,fantasychang,3
3541415,OpenSpaces,3
3541415,2671269,3
3541415,Aspirin129,3
3541415,ossianshiwo,3
3541415,no001,3
3541415,dr.young,3
3541415,vigilgt,3
3541415,Chrisqi,3
3541415,39994655,3
3541415,Halah,3
3541415,1786804,3
3541415,danielzdwu,3
3541415,bigAnut,3
3541415,yan7478,3
3541415,hevven,3
1292722,sissy168,3
1292722,jqingyu,3
1292722,tjz230,3
1292722,rebekah,3
1292722,amutofade,3
1292722,new4new4,3
1292722,onshuway,3
1292722,red.,3
1292722,Hamlet-Luang,3
1292722,CFJ,3
1292722,beiliya,3
1292722,datouma,3
1292722,xiaoaiposui,3
1292722,grassye,3
1292722,catuncle1988,3
1292722,movie007wn,3
1292722,oceanheart,3
1292722,jimo,3
1292722,antonia,3
1292722,jiemoxiaomantou,3
1292722,cabaret,3
1292722,hideinthecrowd,3
1292722,pinkxblack,3
1292722,luhua,3
1292722,guoyilang,3
1292722,rhetoricalpain,3
1292722,rakumm,3
1292722,TOROVANDARKO,3
1292722,wangmei,3
1292722,windyblue8252,3
1292722,alguman,3
1292722,gaoguangguang,3
1292722,64429064,3
1292722,43328516,3
1292722,10634328,3
1292722,64424236,3
1292722,64422636,3
1292722,45531734,3
1292722,heelin,3
1292722,3144559,3
1292722,64424236,3
1292722,64422636,3
1292722,45531734,3
1292722,heelin,3
1292722,3144559,3
1292722,kylinacy,3
1292722,47932789,3
1292722,StillJenny,3
1292722,wsc1986,3
1292722,flower21,3
1292722,jbb8753,3
1292722,gensky,3
1292722,kids-cats,3
1292722,HASMAN,3
1292722,kEstReL,3
1292722,EG,3
1292722,Sammyzheng,3
1292722,Double_J,3
1292722,barbieyoung,3
1292722,sunapril,3
1292722,EG,3
1292722,Sammyzheng,3
1292722,Double_J,3
1292722,barbieyoung,3
1292722,sunapril,3
1292722,33733439,3
1292722,48664741,3
1292722,2743333,3
1292722,55470151,3
1292722,61474868,3
1292722,59718747,3
1292722,61237044,3
1292722,1305488,3
1292722,zhangyueyi,3
1292722,zhuoyidan,3
1292722,51030673,3
1292722,60410209,3
1292722,3636246,3
1292722,44470581,3
1292722,61597113,3
1292722,61237044,3
1292722,1305488,3
1292722,zhangyueyi,3
1292722,zhuoyidan,3
1292722,51030673,3
1292722,60410209,3
1292722,3636246,3
1292722,44470581,3
1292722,61597113,3
1292722,52588613,3
1292722,hunzen,3
1292722,YuiAraGaki615,3
1292722,Over5,3
1292722,StoneBath,3
1292722,CyanBird,3
1292722,kindsos,3
1292722,queenca,3
1292722,ts1089,3
1292722,Aaroncae,3
1292722,3477710,3
1292722,ts1089,3
1292722,Aaroncae,3
1292722,3477710,3
1292722,MpokoraCyrus,3
1292722,whatagreen,3
1292722,1458865,3
1292722,35790692,3
1292722,wangzhy,3
1292722,zidaneretired,3
1292722,zhanglan,3
1292722,nanaseventh,3
1292722,guoru1986,3
1292722,29031312,3
1292722,soildsnake,3
1292722,cocomars,3
1292722,Scar59,3
1292722,randomforever,3
1292722,alivenotdead,3
1292722,jijitata,3
1292722,45274666,3
1292722,Scar59,3
1292722,randomforever,3
1292722,alivenotdead,3
1292722,jijitata,3
1292722,45274666,3
1292722,mtcook,3
1292722,quitgames,3
1292722,3929216,3
1292722,1321907,3
1292722,gatsby,3
1292722,wenjingdelang,3
1292722,34885746,3
1292722,yuqi5340,3
1292722,2489620,3
1292722,happyhealthy,3
1292722,Mrs.cherry,3
1292722,fish_0507,3
1292722,1952390,3
1292722,ryanjill,3
1292722,kejinlong,3
1292722,1952390,3
1292722,ryanjill,3
1292722,kejinlong,3
1292722,boe,3
1292722,xiaoxiaomogu,3
1292722,JianLei93,3
1292722,10330568,3
1292722,AE86,3
1292722,albertina,3
1292722,31878818,3
1292722,miss.dao,3
1292722,colayang,3
1292722,58762712,3
1292722,doctorguo217,3
1292722,xingyier,3
1292722,popyanglihao,3
1292722,apate,3
1292722,hedgehog,3
1292722,coldcall,3
1292722,loverjames,3
1292722,popyanglihao,3
1292722,apate,3
1292722,hedgehog,3
1292722,coldcall,3
1292722,loverjames,3
1292722,ecstasybird,3
1292722,jinduoduo,3
1292722,tuxuan,3
1292722,peaceful1227,3
1292722,46901098,3
1292722,2352547,3
1292722,dominic_s,3
1292722,60605518,3
1292722,2340389,3
1292722,2827972,3
1292722,kristenxin,3
1292722,ZeitgeistAmour,3
1292722,43260587,3
1292722,haoyingqivrfan,3
1292722,snowangel85,3
1292722,43260587,3
1292722,haoyingqivrfan,3
1292722,snowangel85,3
1292722,rita034,3
1292722,samfarewell,3
1292722,Gardenialost,3
1292722,miyakoless,3
1292722,fatia0,3
1292722,chaojizongzi,3
1292722,Uvo,3
1292722,4741310,3
1292722,young730,3
1292722,laneddy,3
1292722,HiddenParadise,3
1292722,3427534,3
1292722,AllenZ_CN,3
1292722,cuican,3
1292722,46785333,3
1292722,anyuzx,3
1292722,xiaominelement,3
